2 0
0 250
0 500
3 750
1 1000
1 1250
1 1500
2 1750
3 2000
0 2250
3 2500
0 2750
2 3000
3 3250
0 3500
1 3750
3 4000
2 4250
1 4500
3 4750
3 5000
0 5250
1 5500
2 5750
2 6000
0 6250
1 6500
1 6750
0 7000
2 7250
1 7500
2 7750
2 8000
1 8250
1 8500
3 8750
3 9000
3 9250
1 9500
2 9750
3 10000
0 10250
2 10500
1 10750
3 11000
2 11250
2 11500
3 11750
0 12000
3 12250
2 12500
3 12750
0 13000
3 13250
2 13500
2 13750
3 14000
3 14250
3 14500
0 14750
1 15000
0 15250
2 15500
3 15750
2 16000
0 16250
2 16500
1 16750
3 17000
3 17250
3 17500
2 17750
3 18000
1 18250
3 18500
3 18750
3 19000
2 19250
2 19500
3 19750
1 20000
0 20250
3 20500
1 20750
3 21000
1 21250
0 21500
2 21750
0 22000
3 22250
2 22500
1 22750
0 23000
1 23250
0 23500
2 23750
1 24000
2 24250
3 24500
0 24750
1 25000
2 25250
2 25500
0 25750
3 26000
1 26250
3 26500
2 26750
3 27000
1 27250
1 27500
1 27750
1 28000
0 28250
2 28500
0 28750
1 29000
2 29250
3 29500
1 29750
2 30000
1 30250
2 30500
2 30750
2 31000
2 31250
0 31500
3 31750
0 32000
3 32250
3 32500
1 32750
1 33000
1 33250
2 33500
0 33750
3 34000
1 34250
2 34500
2 34750
3 35000
3 35250
3 35500
0 35750
0 36000
2 36250
1 36500
1 36750
0 37000
0 37250
3 37500
2 37750
1 38000
1 38250
0 38500
0 38750
0 39000
0 39250
3 39500
0 39750
3 40000
3 40250
2 40500
0 40750
0 41000
0 41250
0 41500
3 41750
1 42000
2 42250
2 42500
0 42750
2 43000
1 43250
1 43500
2 43750
3 44000
2 44250
3 44500
0 44750
2 45000
2 45250
2 45500
3 45750
0 46000
3 46250
3 46500
0 46750
3 47000
3 47250
0 47500
3 47750
2 48000
2 48250
3 48500
2 48750
2 49000
0 49250
2 49500
0 49750
2 50000
0 50250
0 50500
0 50750
1 51000
1 51250
2 51500
1 51750
3 52000
2 52250
1 52500
1 52750
0 53000
3 53250
1 53500
0 53750
2 54000
0 54250
0 54500
2 54750
3 55000
1 55250
1 55500
1 55750
3 56000
0 56250
0 56500
2 56750
0 57000
2 57250
2 57500
3 57750
2 58000
2 58250
3 58500
3 58750
0 59000
2 59250
0 59500
3 59750
0 60000
1 60250
1 60500
0 60750
1 61000
2 61250
1 61500
3 61750
2 62000
1 62250
1 62500
2 62750
2 63000
2 63250
3 63500
2 63750
3 64000
3 64250
0 64500
3 64750
1 65000
2 65250
2 65500
3 65750
0 66000
2 66250
3 66500
0 66750
0 67000
3 67250
0 67500
0 67750
1 68000
1 68250
0 68500
2 68750
3 69000
1 69250
1 69500
1 69750
3 70000
3 70250
3 70500
1 70750
1 71000
3 71250
3 71500
0 71750
2 72000
3 72250
0 72500
0 72750
1 73000
2 73250
3 73500
2 73750
0 74000
2 74250
2 74500
0 74750
2 75000
2 75250
0 75500
3 75750
3 76000
1 76250
1 76500
2 76750
2 77000
2 77250
0 77500
1 77750
1 78000
3 78250
3 78500
3 78750
2 79000
2 79250
3 79500
1 79750
2 80000
3 80250
1 80500
3 80750
2 81000
0 81250
1 81500
2 81750
3 82000
0 82250
3 82500
1 82750
2 83000
3 83250
0 83500
2 83750
0 84000
1 84250
0 84500
3 84750
3 85000
0 85250
0 85500
1 85750
0 86000
3 86250
0 86500
2 86750
2 87000
3 87250
3 87500
0 87750
3 88000
0 88250
3 88500
1 88750
1 89000
1 89250
3 89500
0 89750
1 90000
2 90250
1 90500
3 90750
2 91000
1 91250
1 91500
2 91750
2 92000
2 92250
1 92500
1 92750
2 93000
2 93250
2 93500
2 93750
1 94000
2 94250
1 94500
3 94750
2 95000
0 95250
3 95500
1 95750
1 96000
3 96250
2 96500
2 96750
0 97000
1 97250
2 97500
1 97750
0 98000
3 98250
0 98500
2 98750
0 99000
2 99250
0 99500
2 99750
0 100000
2 100250
3 100500
2 100750
0 101000
2 101250
1 101500
1 101750
0 102000
2 102250
1 102500
2 102750
2 103000
0 103250
3 103500
3 103750
3 104000
1 104250
1 104500
3 104750
3 105000
3 105250
0 105500
3 105750
2 106000
1 106250
1 106500
2 106750
3 107000
1 107250
0 107500
3 107750
3 108000
0 108250
1 108500
3 108750
2 109000
2 109250
1 109500
2 109750
0 110000
2 110250
1 110500
3 110750
2 111000
0 111250
2 111500
2 111750
2 112000
0 112250
1 112500
1 112750
3 113000
2 113250
0 113500
2 113750
3 114000
1 114250
0 114500
2 114750
2 115000
1 115250
1 115500
2 115750
1 116000
2 116250
1 116500
3 116750
1 117000
2 117250
1 117500
1 117750
0 118000
2 118250
0 118500
3 118750
3 119000
3 119250
1 119500
1 119750
