3 11360
3 11537
3 11715
2 11892
2 12070
1 12247
0 12425
3 12602
0 12780
0 12957
2 13135
1 13312
1 13490
1 13667
0 13845
3 14022
0 14200
0 14377
0 14555
1 14732
2 14910
2 15087
2 15265
2 15442
1 15620
2 15797
0 15975
0 16152
3 16330
3 16507
1 16685
2 16862
2 17040
0 17217
0 17395
0 17573
1 17750
0 17928
3 18105
1 18283
0 18460
1 18638
3 18815
2 18993
2 19170
3 19348
1 19525
2 19703
3 19880
1 20058
3 20235
2 20413
3 20590
1 20768
0 20945
1 21123
3 21300
0 21478
1 21655
2 21833
0 22010
2 22188
0 22365
2 22543
2 22720
0 22898
3 23075
3 23253
1 23431
2 23608
1 23786
1 23963
0 24141
0 24318
3 24496
2 24673
3 24851
0 25028
1 25206
2 25383
2 25561
0 25738
0 25916
1 26093
2 26271
0 26448
2 26626
1 26803
1 26981
0 27158
0 27336
1 27513
2 27691
0 27868
3 28046
1 28223
1 28401
2 28578
0 28756
2 28933
1 29111
1 29289
3 29466
1 29644
1 29821
3 29999
3 30176
0 30354
3 30531
0 30709
3 30886
1 31064
1 31241
3 31419
3 31596
3 31774
0 31951
1 32129
0 32306
1 32484
1 32661
0 32839
2 33016
0 33194
1 33371
1 33549
1 33726
2 33904
0 34081
1 34259
0 34436
1 34614
3 34791
3 34969
2 35147
0 35324
2 35502
1 35679
1 35857
2 36034
2 36212
0 36389
3 36567
3 36744
3 36922
2 37099
2 37277
3 37454
0 37632
2 37809
0 37987
1 38164
3 38342
2 38519
1 38697
0 38874
0 39052
2 39229
2 39407
0 39584
0 39762
2 39939
1 40117
3 40294
1 40472
3 40649
3 40827
0 41005
0 41182
0 41360
2 41537
2 41715
0 41892
1 42070
1 42247
0 42425
0 42602
3 42780
3 42957
0 43135
2 43312
0 43490
1 43667
1 43845
2 44022
3 44200
1 44377
2 44555
1 44732
3 44910
2 45087
1 45265
1 45442
3 45620
0 45797
2 45975
2 46152
0 46330
2 46507
3 46685
0 46863
0 47040
1 47218
1 47395
2 47573
3 47750
1 47928
2 48105
2 48283
0 48460
2 48638
0 48815
0 48993
3 49170
1 49348
3 49525
2 49703
2 49880
1 50058
0 50235
1 50413
0 50590
1 50768
2 50945
3 51123
2 51300
1 51478
2 51655
2 51833
3 52010
1 52188
2 52365
0 52543
2 52720
3 52898
2 53076
1 53253
0 53431
0 53608
0 53786
1 53963
2 54141
0 54318
1 54496
1 54673
2 54851
0 55028
0 55206
0 55383
2 55561
0 55738
2 55916
2 56093
1 56271
0 56448
1 56626
3 56803
1 56981
3 57158
1 57336
1 57513
0 57691
0 57868
1 58046
3 58223
3 58401
3 58578
0 58756
0 58934
3 59111
0 59289
1 59466
1 59644
1 59821
2 59999
2 60176
3 60354
3 60531
2 60709
3 60886
1 61064
2 61241
1 61419
3 61596
0 61774
2 61951
0 62129
3 62306
3 62484
0 62661
1 62839
0 63016
0 63194
1 63371
1 63549
3 63726
0 63904
0 64081
0 64259
0 64436
3 64614
0 64792
1 64969
0 65147
1 65324
0 65502
3 65679
0 65857
3 66034
1 66212
0 66389
0 66567
0 66744
1 66922
3 67099
0 67277
3 67454
3 67632
3 67809
3 67987
3 68164
0 68342
3 68519
0 68697
1 68874
1 69052
3 69229
2 69407
1 69584
3 69762
2 69939
1 70117
0 70294
0 70472
1 70650
1 70827
0 71005
0 71182
2 71360
3 71537
2 71715
2 71892
3 72070
2 72247
3 72425
2 72602
2 72780
3 72957
1 73135
1 73312
2 73490
1 73667
2 73845
1 74022
1 74200
3 74377
2 74555
0 74732
1 74910
0 75087
0 75265
0 75442
1 75620
0 75797
0 75975
2 76152
1 76330
0 76508
3 76685
3 76863
3 77040
1 77218
1 77395
2 77573
3 77750
1 77928
0 78105
1 78283
0 78460
1 78638
2 78815
2 78993
2 79170
0 79348
3 79525
3 79703
0 79880
2 80058
0 80235
1 80413
2 80590
0 80768
1 80945
3 81123
0 81300
1 81478
1 81655
1 81833
1 82010
0 82188
1 82366
0 82543
1 82721
2 82898
2 83076
0 83253
3 83431
2 83608
1 83786
3 83963
0 84141
0 84318
1 84496
2 84673
0 84851
1 85028
2 85206
0 85383
3 85561
2 85738
2 85916
1 86093
2 86271
3 86448
0 86626
2 86803
1 86981
1 87158
3 87336
2 87513
2 87691
0 87868
3 88046
3 88223
3 88401
1 88579
0 88756
2 88934
0 89111
1 89289
2 89466
0 89644
1 89821
3 89999
2 90176
2 90354
0 90531
0 90709
2 90886
3 91064
2 91241
0 91419
0 91596
0 91774
0 91951
0 92129
2 92306
1 92484
2 92661
2 92839
3 93016
0 93194
2 93371
2 93549
3 93726
1 93904
0 94081
3 94259
0 94437
0 94614
1 94792
2 94969
0 95147
2 95324
1 95502
2 95679
0 95857
2 96034
3 96212
3 96389
1 96567
1 96744
3 96922
2 97099
2 97277
3 97454
2 97632
0 97809
0 97987
0 98164
2 98342
0 98519
0 98697
1 98874
2 99052
0 99229
2 99407
2 99584
3 99762
2 99939
2 100117
0 100295
0 100472
2 100650
3 100827
2 101005
1 101182
3 101360
0 101537
0 101715
2 101892
1 102070
1 102247
2 102425
3 102602
3 102780
1 102957
2 103135
0 103312
2 103490
2 103667
2 103845
2 104022
3 104200
3 104377
0 104555
3 104732
2 104910
3 105087
2 105265
0 105442
1 105620
3 105797
1 105975
0 106153
2 106330
3 106508
1 106685
1 106863
3 107040
1 107218
0 107395
0 107573
2 107750
2 107928
0 108105
2 108283
3 108460
2 108638
2 108815
1 108993
0 109170
0 109348
3 109525
3 109703
0 109880
0 110058
2 110235
2 110413
3 110590
1 110768
2 110945
0 111123
0 111300
3 111478
0 111655
2 111833
2 112011
1 112188
3 112366
1 112543
2 112721
3 112898
2 113076
1 113253
1 113431
2 113608
3 113786
1 113963
0 114141
1 114318
2 114496
0 114673
1 114851
2 115028
0 115206
1 115383
2 115561
2 115738
3 115916
1 116093
3 116271
2 116448
1 116626
3 116803
1 116981
2 117158
1 117336
0 117513
3 117691
1 117868
1 118046
2 118224
0 118401
3 118579
3 118756
2 118934
1 119111
2 119289
3 119466
1 119644
3 119821
1 119999
2 120176
0 120354
3 120531
2 120709
2 120886
1 121064
0 121241
1 121419
2 121596
0 121774
3 121951
0 122129
3 122306
1 122484
2 122661
1 122839
1 123016
1 123194
2 123371
2 123549
3 123726
2 123904
2 124082
2 124259
0 124437
3 124614
0 124792
3 124969
1 125147
3 125324
1 125502
3 125679
0 125857
0 126034
1 126212
2 126389
2 126567
1 126744
3 126922
0 127099
1 127277
3 127454
0 127632
1 127809
0 127987
2 128164
2 128342
1 128519
0 128697
0 128874
3 129052
3 129229
2 129407
1 129584
2 129762
3 129940
1 130117
2 130295
2 130472
2 130650
2 130827
3 131005
1 131182
2 131360
0 131537
2 131715
0 131892
2 132070
3 132247
3 132425
2 132602
1 132780
2 132957
3 133135
2 133312
2 133490
1 133667
0 133845
3 134022
1 134200
0 134377
3 134555
1 134732
2 134910
0 135087
3 135265
1 135442
1 135620
1 135798
0 135975
3 136153
3 136330
3 136508
0 136685
1 136863
3 137040
2 137218
1 137395
1 137573
2 137750
1 137928
0 138105
3 138283
3 138460
3 138638
1 138815
2 138993
0 139170
1 139348
1 139525
2 139703
1 139880
0 140058
3 140235
3 140413
1 140590
2 140768
1 140945
2 141123
3 141300
1 141478
2 141656
3 141833
0 142011
2 142188
0 142366
0 142543
1 142721
2 142898
1 143076
3 143253
3 143431
1 143608
2 143786
2 143963
0 144141
3 144318
0 144496
1 144673
0 144851
2 145028
3 145206
1 145383
2 145561
2 145738
0 145916
3 146093
0 146271
1 146448
2 146626
3 146803
2 146981
0 147158
2 147336
3 147514
2 147691
3 147869
3 148046
3 148224
1 148401
0 148579
2 148756
0 148934
2 149111
0 149289
2 149466
2 149644
3 149821
3 149999
3 150176
3 150354
1 150531
2 150709
0 150886
3 151064
0 151241
1 151419
3 151596
0 151774
2 151951
1 152129
0 152306
1 152484
1 152661
2 152839
0 153016
3 153194
1 153372
3 153549
3 153727
2 153904
3 154082
1 154259
2 154437
1 154614
2 154792
1 154969
0 155147
1 155324
0 155502
3 155679
1 155857
1 156034
2 156212
1 156389
0 156567
2 156744
2 156922
3 157099
3 157277
1 157454
0 157632
3 157809
2 157987
1 158164
1 158342
2 158519
1 158697
3 158874
1 159052
0 159229
1 159407
0 159585
1 159762
0 159940
2 160117
3 160295
1 160472
2 160650
1 160827
1 161005
1 161182
2 161360
2 161537
3 161715
3 161892
2 162070
2 162247
2 162425
2 162602
1 162780
3 162957
2 163135
0 163312
1 163490
0 163667
1 163845
3 164022
1 164200
0 164377
0 164555
1 164732
2 164910
0 165087
2 165265
2 165443
2 165620
2 165798
3 165975
0 166153
3 166330
0 166508
2 166685
1 166863
2 167040
1 167218
0 167395
0 167573
3 167750
2 167928
2 168105
0 168283
1 168460
1 168638
0 168815
2 168993
1 169170
2 169348
1 169525
2 169703
2 169880
1 170058
3 170235
0 170413
2 170590
1 170768
2 170945
0 171123
3 171301
1 171478
1 171656
2 171833
1 172011
3 172188
3 172366
3 172543
0 172721
0 172898
0 173076
0 173253
2 173431
2 173608
0 173786
0 173963
3 174141
1 174318
2 174496
0 174673
3 174851
0 175028
2 175206
1 175383
1 175561
1 175738
2 175916
3 176093
3 176271
0 176448
0 176626
2 176803
2 176981
1 177159
1 177336
3 177514
0 177691
0 177869
3 178046
0 178224
0 178401
3 178579
0 178756
3 178934
1 179111
1 179289
3 179466
1 179644
2 179821
1 179999
1 180176
1 180354
1 180531
0 180709
2 180886
3 181064
1 181241
0 181419
2 181596
0 181774
1 181951
2 182129
3 182306
3 182484
3 182661
0 182839
2 183017
3 183194
0 183372
1 183549
0 183727
1 183904
0 184082
0 184259
0 184437
2 184614
1 184792
3 184969
3 185147
3 185324
0 185502
0 185679
0 185857
2 186034
0 186212
3 186389
1 186567
2 186744
3 186922
3 187099
2 187277
0 187454
2 187632
1 187809
3 187987
1 188164
1 188342
2 188519
1 188697
2 188875
3 189052
1 189230
3 189407
0 189585
1 189762
3 189940
2 190117
3 190295
2 190472
1 190650
2 190827
2 191005
1 191182
3 191360
0 191537
2 191715
2 191892
1 192070
0 192247
1 192425
1 192602
2 192780
2 192957
3 193135
0 193312
1 193490
0 193667
1 193845
3 194022
1 194200
3 194377
3 194555
2 194732
2 194910
3 195088
0 195265
1 195443
1 195620
3 195798
3 195975
2 196153
1 196330
2 196508
3 196685
0 196863
2 197040
1 197218
2 197395
0 197573
1 197750
0 197928
1 198105
0 198283
2 198460
0 198638
0 198815
3 198993
0 199170
1 199348
3 199525
2 199703
1 199880
2 200058
0 200235
3 200413
1 200590
0 200768
1 200946
2 201123
3 201301
0 201478
0 201656
1 201833
2 202011
3 202188
1 202366
1 202543
1 202721
