2 3000
0 3000
2 3180
1 3360
1 3360
2 3540
1 3720
0 3900
2 4080
0 4260
2 4440
3 4620
1 4620
2 4800
1 4980
1 5160
0 5160
1 5340
0 5520
3 5700
3 5880
3 6060
0 6240
1 6420
3 6420
1 6600
0 6780
3 6960
0 7140
3 7320
0 7500
2 7680
0 7680
1 7860
2 8040
3 8220
1 8400
1 8400
1 8580
3 8760
3 8940
2 9120
1 9300
3 9480
0 9660
0 9660
1 9840
3 9840
3 10020
3 10020
2 10200
0 10200
0 10380
2 10380
0 10560
3 10740
2 10920
3 11100
2 11280
2 11460
1 11640
2 11820
0 12000
0 12180
3 12360
2 12540
2 12540
0 12720
2 12720
2 12900
1 12900
1 13080
1 13080
1 13260
0 13440
3 13620
1 13620
3 13800
0 13980
0 14160
0 14340
0 14340
2 14520
0 14520
0 14700
2 14700
1 14880
2 15060
0 15240
3 15420
2 15600
0 15600
1 15780
0 15960
0 16140
3 16320
2 16320
2 16500
0 16680
2 16860
1 17040
3 17040
2 17220
2 17220
2 17400
2 17400
3 17580
3 17760
1 17760
1 17940
1 18120
1 18120
1 18300
1 18300
3 18480
3 18660
1 18840
0 19020
2 19020
1 19200
2 19380
3 19560
2 19560
2 19740
1 19920
1 19920
0 20100
3 20100
3 20280
0 20460
3 20460
1 20640
2 20820
3 21000
1 21180
2 21360
2 21540
2 21540
0 21720
3 21900
3 21900
1 22080
2 22260
0 22260
3 22440
2 22620
2 22800
3 22980
2 22980
2 23160
2 23160
2 23340
1 23520
3 23700
3 23880
0 24060
3 24060
2 24240
1 24420
3 24600
3 24780
1 24780
1 24960
3 25140
3 25140
1 25320
1 25500
0 25500
3 25680
0 25860
3 25860
2 26040
2 26220
1 26400
0 26580
0 26760
2 26940
3 27120
3 27300
3 27480
1 27480
1 27660
1 27660
3 27840
0 28020
2 28200
3 28380
1 28380
0 28560
3 28560
0 28740
2 28920
2 29100
3 29280
1 29280
0 29460
1 29640
2 29820
2 30000
2 30000
2 30180
2 30180
2 30360
2 30360
0 30540
1 30720
1 30900
1 31080
1 31080
3 31260
3 31440
2 31440
1 31620
3 31620
3 31800
3 31980
0 32160
1 32340
0 32520
3 32700
2 32880
1 32880
0 33060
3 33060
0 33240
1 33420
1 33600
2 33780
3 33960
2 33960
1 34140
2 34320
2 34320
3 34500
0 34680
0 34680
0 34860
0 35040
0 35040
2 35220
0 35400
2 35580
1 35760
2 35940
1 35940
3 36120
3 36120
0 36300
3 36480
2 36660
2 36660
3 36840
1 36840
3 37020
2 37020
2 37200
1 37380
0 37380
2 37560
2 37560
0 37740
2 37920
2 38100
3 38280
2 38460
2 38640
1 38820
