0 3000
0 3000
0 3180
3 3360
1 3360
1 3540
0 3720
3 3720
2 3900
3 4080
1 4080
2 4260
0 4260
3 4440
3 4440
0 4620
2 4620
3 4800
1 4800
0 4980
2 5160
2 5160
3 5340
1 5520
1 5520
1 5700
3 5880
3 6060
2 6060
0 6240
2 6420
1 6600
0 6780
0 6960
0 6960
2 7140
1 7320
0 7320
2 7500
3 7680
1 7860
3 7860
1 8040
3 8220
3 8400
2 8400
0 8580
2 8760
0 8760
3 8940
1 8940
3 9120
0 9300
0 9300
0 9480
2 9660
0 9840
2 10020
1 10020
1 10200
1 10380
3 10560
1 10560
3 10740
2 10920
2 11100
1 11100
3 11280
3 11280
2 11460
2 11460
0 11640
2 11820
1 12000
1 12000
1 12180
1 12360
1 12360
2 12540
1 12720
1 12900
2 13080
1 13260
3 13440
2 13620
0 13800
3 13980
1 13980
1 14160
3 14340
0 14520
3 14520
1 14700
2 14880
2 15060
1 15240
0 15420
1 15600
3 15600
0 15780
0 15960
0 15960
3 16140
2 16140
0 16320
3 16320
0 16500
0 16500
3 16680
0 16860
3 16860
1 17040
3 17040
2 17220
2 17400
0 17400
1 17580
3 17580
3 17760
2 17940
3 18120
2 18300
2 18480
0 18480
1 18660
2 18840
1 19020
1 19200
2 19380
0 19560
2 19560
2 19740
1 19920
3 20100
1 20100
2 20280
0 20280
2 20460
0 20460
2 20640
2 20820
1 20820
3 21000
1 21180
0 21180
3 21360
2 21360
0 21540
3 21720
2 21900
2 21900
3 22080
3 22080
1 22260
2 22440
1 22440
1 22620
0 22800
1 22980
3 23160
1 23340
3 23520
3 23700
3 23700
1 23880
0 24060
3 24240
3 24240
1 24420
3 24420
0 24600
1 24780
0 24960
0 25140
3 25140
3 25320
2 25500
3 25680
3 25860
2 25860
2 26040
0 26220
2 26220
2 26400
2 26400
0 26580
3 26760
2 26940
2 27120
2 27300
2 27300
1 27480
3 27660
0 27840
0 27840
1 28020
3 28020
2 28200
1 28200
1 28380
0 28380
1 28560
1 28740
3 28920
3 28920
2 29100
0 29280
0 29280
2 29460
3 29640
3 29640
1 29820
3 29820
1 30000
3 30180
2 30180
0 30360
0 30540
3 30540
3 30720
1 30720
0 30900
2 30900
2 31080
3 31260
3 31440
0 31620
1 31800
1 31800
3 31980
2 32160
2 32160
3 32340
1 32340
1 32520
3 32700
1 32880
3 33060
1 33060
1 33240
0 33240
2 33420
0 33600
3 33600
3 33780
2 33780
3 33960
1 34140
0 34140
2 34320
3 34500
2 34680
1 34860
1 34860
2 35040
2 35040
3 35220
3 35400
2 35400
2 35580
2 35760
2 35760
2 35940
0 36120
0 36300
0 36300
3 36480
2 36660
0 36840
3 37020
0 37200
0 37200
2 37380
0 37560
3 37740
1 37920
0 38100
3 38280
1 38460
1 38460
2 38640
3 38820
3 38820
