2 3000
2 3180
3 3360
3 3540
1 3720
0 3900
2 4080
3 4260
1 4440
3 4440
2 4620
2 4800
0 4800
3 4980
1 5160
0 5340
3 5340
2 5520
1 5700
2 5880
2 6060
0 6240
3 6240
3 6420
2 6600
3 6780
0 6960
0 7140
2 7320
0 7500
0 7500
1 7680
2 7860
1 7860
3 8040
3 8220
1 8220
3 8400
3 8580
1 8580
2 8760
3 8940
3 9120
1 9120
1 9300
2 9480
2 9660
2 9840
3 10020
2 10200
1 10200
2 10380
2 10380
3 10560
3 10560
3 10740
3 10920
0 11100
0 11280
3 11280
0 11460
3 11640
3 11640
1 11820
1 12000
3 12180
1 12360
2 12540
1 12720
2 12900
0 13080
1 13260
0 13440
0 13620
1 13800
0 13980
0 13980
3 14160
2 14160
1 14340
0 14340
1 14520
1 14520
2 14700
0 14880
1 15060
1 15060
3 15240
1 15420
2 15600
0 15780
0 15780
0 15960
1 16140
1 16320
2 16500
0 16680
3 16860
0 17040
0 17040
3 17220
1 17400
1 17400
3 17580
3 17580
0 17760
0 17760
2 17940
1 18120
0 18300
0 18480
3 18480
1 18660
1 18840
1 19020
3 19020
2 19200
0 19380
0 19560
3 19560
1 19740
3 19740
1 19920
1 19920
0 20100
3 20280
1 20460
3 20460
1 20640
3 20820
1 20820
0 21000
0 21180
2 21360
1 21360
1 21540
1 21540
3 21720
1 21720
2 21900
0 21900
1 22080
1 22260
1 22440
3 22440
2 22620
1 22800
3 22980
0 23160
3 23340
3 23520
3 23700
2 23700
3 23880
0 24060
1 24240
2 24420
1 24420
3 24600
2 24600
0 24780
0 24960
0 25140
0 25140
1 25320
0 25320
2 25500
0 25500
1 25680
3 25860
2 25860
0 26040
2 26040
2 26220
3 26400
0 26580
2 26760
0 26940
3 27120
3 27300
2 27480
2 27660
3 27840
3 28020
2 28200
1 28380
3 28380
1 28560
3 28740
1 28920
0 28920
0 29100
2 29280
2 29460
2 29460
1 29640
0 29820
3 30000
1 30180
3 30180
2 30360
0 30540
2 30720
0 30900
2 31080
1 31080
3 31260
1 31440
3 31620
3 31800
3 31980
3 32160
2 32340
2 32520
0 32700
3 32880
2 33060
0 33060
0 33240
3 33420
2 33600
2 33780
0 33960
2 34140
0 34320
3 34320
1 34500
1 34500
1 34680
1 34860
2 35040
1 35220
2 35400
0 35580
1 35760
3 35760
3 35940
3 35940
1 36120
3 36120
0 36300
3 36300
0 36480
0 36480
1 36660
1 36660
3 36840
3 36840
0 37020
2 37200
1 37200
2 37380
2 37380
2 37560
2 37740
0 37920
2 37920
3 38100
2 38280
0 38460
2 38640
3 38820
