0 3000
1 3000
2 3000
3 3000
1 3220
1 3440
3 3660
2 3660
2 3880
2 4100
3 4320
1 4540
0 4540
3 4760
1 4980
3 4980
2 5200
3 5420
1 5640
1 5640
2 5860
1 5860
3 6080
3 6300
1 6300
0 6520
2 6740
0 6960
3 6960
3 7180
2 7400
0 7400
0 7620
1 7840
1 7840
0 8060
0 8280
2 8280
0 8500
0 8500
0 8720
2 8720
3 8940
1 9160
3 9160
2 9380
0 9380
2 9600
0 9820
0 9820
3 10040
0 10260
2 10260
3 10480
2 10700
1 10920
3 10920
3 11140
1 11140
1 11360
2 11580
1 11800
0 12020
1 12240
0 12240
1 12460
1 12680
1 12900
3 13120
3 13340
1 13340
2 13560
3 13780
2 14000
0 14000
3 14220
0 14440
2 14440
2 14660
0 14660
2 14880
0 15100
2 15100
3 15320
0 15540
1 15760
1 15980
2 16200
0 16420
3 16640
0 16860
3 16860
3 17080
0 17300
1 17520
3 17740
2 17960
2 18180
1 18400
3 18620
2 18840
3 19060
3 19060
0 19280
3 19500
1 19720
2 19940
0 20160
0 20380
0 20380
1 20600
1 20600
2 20820
2 21040
0 21260
2 21480
0 21480
2 21700
1 21920
2 22140
2 22360
1 22360
0 22580
2 22800
2 22800
2 23020
0 23240
3 23460
1 23680
3 23900
1 23900
0 24120
2 24340
0 24340
0 24560
2 24780
2 25000
0 25000
2 25220
0 25220
3 25440
0 25660
1 25880
1 26100
1 26320
2 26540
0 26540
3 26760
3 26980
3 26980
2 27200
2 27420
2 27640
0 27640
1 27860
0 27860
1 28080
1 28080
3 28300
0 28520
1 28740
3 28740
2 28960
2 29180
2 29180
1 29400
3 29620
1 29840
3 30060
0 30280
3 30500
1 30500
0 30720
0 30940
2 31160
0 31380
2 31600
2 31820
0 31820
2 32040
1 32040
0 32260
2 32480
2 32700
0 32920
2 33140
1 33140
0 33360
2 33580
3 33800
1 34020
2 34240
0 34460
3 34680
1 34900
1 35120
0 35340
1 35560
3 35780
2 35780
2 36000
0 36220
3 36440
2 36440
0 36660
0 36660
2 36880
0 36880
3 37100
1 37320
2 37540
2 37540
0 37760
0 37760
0 37980
1 38200
3 38420
3 38640
1 38860
3 39080
2 39080
3 39300
1 39520
1 39520
0 39740
2 39740
0 39960
2 40180
0 40400
3 40620
2 40620
3 40840
2 41060
0 41060
1 41280
3 41280
3 41500
3 41720
1 41940
3 41940
2 42160
1 42160
3 42380
1 42600
2 42820
2 43040
1 43040
0 43260
0 43480
3 43480
2 43700
3 43920
1 43920
1 44140
1 44140
3 44360
1 44580
1 44580
0 44800
0 44800
2 45020
0 45240
2 45460
1 45680
0 45900
0 46120
0 46120
0 46340
2 46560
2 46780